A_sum  B_sum   label
3.0012 -0.3165 0
3.9462 -0.3021 0
3.8496 -0.3203 0
3.5902 -0.3105 0
4.5262 -0.3185 0
2.5956 -0.3222 0
5.5666 -0.3194 0
2.5562 -0.3050 0
2.3323 -0.3144 0
4.5713 -0.3153 0
2.6941 -0.3184 0
2.3845 -0.3199 0
5.1034 -0.3216 0
3.7061 -0.3168 0
2.8608 -0.3154 0
2.8102 -0.3370 0
2.4705 -0.3367 0
2.4476 -0.3312 0
3.0754 -0.3296 0
2.9646 -0.3340 0
2.5893 -0.3360 0
2.9292 -0.3347 0
2.4566 -0.3406 0
2.5849 -0.3370 0
2.3570 -0.3381 0
2.1150 -0.3419 0
2.7342 -0.3386 0
1.9922 -0.3466 0
2.9304 -0.3277 0
2.2030 -0.3344 0
4.2621 -0.3266 0
3.9179 -0.3375 0
4.3761 -0.3376 0
3.4774 -0.3274 0
2.5508 -0.3393 0
3.6854 -0.3290 0
2.5363 -0.3372 0
3.7996 -0.3289 0
2.7209 -0.3331 0
4.0722 -0.3302 0
4.5860 -0.3348 0
2.5492 -0.3375 0
3.5747 -0.3356 0
4.0358 -0.3382 0
2.3713 -0.3503 0
1.9907 -0.3228 0
1.6097 -0.3178 0
2.4672 -0.3304 0
0.0000 -0.0151 0
1.9166 -0.3248 0
2.5025 -0.3224 0
2.1376 -0.3081 0
1.8426 -0.2895 0
1.9207 -0.3285 0
1.9324 -0.3205 0
2.0350 -0.3445 0
1.3135 -0.3296 0
1.9645 -0.3228 0
4.2771 -0.3930 0
2.2134 -0.3390 0
2.0294 -0.3025 0
1.8115 -0.3517 0
2.3506 -0.3549 0
2.2510 -0.3450 0
0.9323 -0.3853 0
1.7656 -0.3555 0
2.6751 -0.3518 0
2.8084 -0.3352 0
1.2745 -0.3960 0
1.9828 -0.3694 0
2.6275 -0.3419 0
1.7111 -0.4196 0
2.6939 -0.3656 0
1.9173 -0.3464 0
2.2080 -0.3505 0
2.0349 -0.4008 0
1.5292 -0.3486 0
2.6212 -0.3517 0
2.0458 -0.3760 0
1.8311 -0.3740 0
2.1620 -0.3462 0
0.3728 -0.3925 0
0.3377 -0.3698 0
1.8210 -0.3589 0
2.5077 -0.3651 0
2.1881 -0.3484 0
1.7122 -0.3387 0
2.2029 -0.3527 0
3.6331 -0.3463 0
2.2376 -0.3510 0
1.9605 -0.3581 0
1.0230 -0.3423 0
1.5511 -0.3233 0
0.3173 -0.3653 0
1.9650 -0.3140 0
1.9035 -0.3135 0
2.4602 -0.3270 0
1.4884 -0.3448 0
1.7087 -0.3311 0
2.0958 -0.3596 0
2.3482 -0.3378 0
3.2225 -0.3368 0
2.3904 -0.3416 0
2.8629 -0.3024 0
1.7230 -0.3082 0
2.1721 -0.3407 0
1.7695 -0.3362 0
1.3247 -0.3679 0
1.4273 -0.4022 0
1.9478 -0.3524 0
2.1508 -0.3411 0
2.4067 -0.3535 0
2.8116 -0.3550 0
2.9319 -0.3540 0
1.8628 -0.3488 0
2.2980 -0.3681 0
2.7749 -0.3388 0
2.4050 -0.4172 0
2.1163 -0.3404 0
2.4311 -0.3516 0
1.8828 -0.3423 0
3.0210 -0.3431 0
1.8863 -0.3557 0
1.9189 -0.4283 0
3.1816 -0.3580 0
2.7928 -0.3446 0
2.8475 -0.3473 0
2.3543 -0.3869 0
2.6074 -0.3435 0
2.8259 -0.3373 0
2.3438 -0.3463 0
2.5950 -0.3732 0
2.1755 -0.3429 0
2.2320 -0.3503 0
2.5029 -0.3878 0
2.1546 -0.2271 0
2.2933 -0.2288 0
2.2303 -0.2271 0
1.7010 -0.2312 0
1.6488 -0.2293 0
1.3667 -0.2316 0
0.5400 -0.2534 0
0.4217 -0.2541 0
0.3928 -0.2552 0
0.4111 -0.2514 0
0.3846 -0.2424 0
1.2591 -0.2639 0
1.0535 -0.2613 0
0.4673 -0.2774 0
0.3913 -0.2760 0
1.2879 -0.2315 0
1.5511 -0.2320 0
1.9374 -0.2309 0
0.6627 -0.2347 0
0.8157 -0.2358 0
0.9479 -0.2332 0
0.1667 -0.2648 0
0.0886 -0.2608 0
0.1333 -0.2761 0
0.1987 -0.2413 0
0.6580 -0.2717 0
0.4454 -0.6987 0
0.0249 -0.1482 0
0.0275 -0.1468 0
1.0320 -0.2323 0
0.9713 -0.2226 0
1.0082 -0.2317 0
0.3823 -0.2402 0
0.2290 -0.2478 0
0.3737 -0.2403 0
0.7736 -0.2412 0
0.6765 -0.2498 0
0.0348 -0.5961 0
0.0976 -0.1999 0
0.4396 -0.2879 0
0.2524 -0.3776 0
0.3136 -0.2563 0
0.1102 -0.3752 0
0.4836 -0.2547 0
0.2683 -0.2572 0
0.5323 -0.2527 0
0.2647 -0.2570 0
0.3616 -0.2552 0
0.4405 -0.2538 0
0.2276 -0.2572 0
0.5831 -0.2516 0
0.2550 -0.2583 0
0.2369 -0.2583 0
0.2832 -0.2569 0
0.2489 -0.2576 0
0.1896 -0.2626 0
0.3003 -0.2537 0
0.2769 -0.2596 0
0.2549 -0.2509 0
0.2812 -0.2533 0
0.1929 -0.2583 0
0.2495 -0.2545 0
0.2106 -0.2660 0
0.3105 -0.2538 0
0.2928 -0.2544 0
0.2096 -0.2647 0
0.2743 -0.2564 0
0.2980 -0.2531 0
0.1967 -0.2559 0
0.3105 -0.2534 0
0.2082 -0.2568 0
0.2118 -0.2603 0
0.0715 -0.2770 0
0.2559 -0.2430 0
0.2522 -0.2431 0
0.0503 -0.2484 0
0.0417 -0.2696 0
0.0651 -0.2595 0
0.0800 -0.2415 0
0.3426 -0.2403 0
0.1643 -0.2567 0
0.1289 -0.2525 0
0.2324 -0.2425 0
0.1083 -0.2881 0
0.0350 -0.2411 0
0.1671 -0.2487 0
1.0104 -0.2758 0
1.4362 -0.2699 0
0.8446 -0.2760 0
1.0775 -0.2754 0
1.2305 -0.2718 0
0.7590 -0.2761 0
0.9272 -0.2762 0
0.9170 -0.2757 0
0.8070 -0.2776 0
1.1379 -0.2719 0
1.1860 -0.2769 0
1.2372 -0.2721 0
0.7970 -0.2722 0
1.1309 -0.2640 0
0.8447 -0.2695 0
0.8323 -0.2611 0
0.9188 -0.2672 0
1.3244 -0.2613 0
0.8500 -0.2743 0
1.0071 -0.2602 0
1.0423 -0.2695 0
0.7986 -0.2642 0
0.8159 -0.2782 0
0.8444 -0.2697 0
0.8444 -0.2679 0
0.8710 -0.2699 0
1.1262 -0.2676 0
0.8846 -0.2626 0
2.4497 -0.2646 0
1.7793 -0.2592 0
0.9878 -0.2650 0
1.2392 -0.2618 0
1.0735 -0.2606 0
1.7008 -0.2574 0
2.0602 -0.2691 0
2.0382 -0.2590 0
1.3027 -0.2664 0
1.5722 -0.2636 0
0.8975 -0.2675 0
1.5473 -0.2612 0
0.6089 -0.2673 0
0.7590 -0.2632 0
0.6191 -0.2703 0
0.7578 -0.2615 0
0.6313 -0.2694 0
0.6205 -0.2708 0
0.7376 -0.2604 0
0.5099 -0.2677 0
0.5924 -0.2723 0
0.7121 -0.2625 0
0.6437 -0.2687 0
0.7742 -0.2680 0
0.6395 -0.2710 0
0.6667 -0.2634 0
0.8790 -0.2635 0
0.6580 -0.2623 0
0.7112 -0.2609 0
1.0417 -0.2617 0
0.9269 -0.2803 0
0.6205 -0.2620 0
0.7257 -0.2603 0
0.7873 -0.2823 0
0.5859 -0.2602 0
0.7483 -0.2557 0
0.5960 -0.2536 0
0.7340 -0.2528 0
0.8202 -0.2594 0
0.8787 -0.2561 0
0.7671 -0.2613 0
0.5680 -0.2598 0
0.6825 -0.2489 0
1.0017 -0.2754 0
0.6464 -0.2511 0
0.5970 -0.2555 0
0.7697 -0.2729 0
0.8457 -0.2533 0
0.7651 -0.2624 0
0.6538 -0.2562 0
0.7211 -0.2642 0
0.7762 -0.2584 0
1.1148 -0.2515 0
0.7954 -0.2643 0
0.7546 -0.2543 0
0.5493 -0.2721 0
0.9062 -0.2535 0
0.1547 -0.3284 0
0.6474 -0.2671 0
0.5126 -0.2751 0
0.9223 -0.2578 0
0.5926 -0.2844 0
0.6894 -0.2610 0
0.4484 -0.2862 0
0.2906 -0.2782 0
0.5031 -0.2689 0
0.7087 -0.2659 0
0.6091 -0.2682 0
0.5329 -0.2691 0
0.8103 -0.2668 0
0.7600 -0.2586 0
0.5386 -0.2765 0
0.6884 -0.2618 0
0.7429 -0.2451 0
1.0897 -0.2451 0
0.9470 -0.2482 0
1.0193 -0.2481 0
0.9116 -0.2479 0
0.7474 -0.2676 0
1.2339 -0.2513 0
0.6220 -0.2488 0
0.1095 -0.2727 0
0.2422 -0.2520 0
0.5338 -0.2714 0
0.5475 -0.2869 0
0.5717 -0.3047 0
0.7485 -0.2491 0
0.4793 -0.2802 0
0.6979 -0.2579 0
1.1347 -0.2501 0
0.7753 -0.2754 0
1.1680 -0.2458 0
0.7551 -0.7958 0
0.2955 -0.2894 0
0.8679 -0.2882 0
0.7867 -0.2547 0
0.5902 -0.5770 0
0.2440 -0.1704 0
0.3196 -0.1727 0
0.2642 -0.1690 0
0.3135 -0.1733 0
0.2190 -0.1695 0
0.2220 -0.1687 0
0.2019 -0.1676 0
0.2405 -0.1701 0
0.2229 -0.1678 0
0.2489 -0.1722 0
0.2169 -0.1693 0
0.2209 -0.1695 0
0.1847 -0.1663 0
0.2026 -0.1688 0
0.2390 -0.1688 0
0.3663 -0.1505 0
0.3988 -0.1514 0
0.3149 -0.1446 0
0.3824 -0.1513 0
0.3371 -0.1472 0
0.3946 -0.1398 0
0.4257 -0.1454 0
0.2704 -0.1448 0
0.3867 -0.1441 0
0.3609 -0.1472 0
0.2748 -0.1437 0
0.2655 -0.1452 0
0.4352 -0.1524 0
0.3672 -0.1442 0
0.4553 -0.1547 0
0.5437 -0.1556 0
0.3898 -0.1519 0
0.4485 -0.1526 0
0.3798 -0.1494 0
0.4461 -0.1554 0
0.4595 -0.1567 0
0.4811 -0.1523 0
0.3236 -0.1461 0
0.3917 -0.1501 0
0.4183 -0.1542 0
0.2894 -0.1460 0
0.3543 -0.1493 0
0.4850 -0.1502 0
0.4068 -0.1530 0
0.1977 -0.1603 0
0.0787 -0.1660 0
0.1356 -0.1633 0
0.1119 -0.1575 0
0.1042 -0.1469 0
0.1892 -0.1676 0
0.0851 -0.1565 0
0.1184 -0.1615 0
0.3027 -0.1733 0
0.0825 -0.1632 0
0.1890 -0.1787 0
0.1009 -0.1614 0
0.1408 -0.1614 0
0.0885 -0.1738 0
0.0746 -0.1599 0
0.1120 -0.1379 0
0.2209 -0.1415 0
0.2965 -0.1532 0
0.1546 -0.1167 0
0.1651 -0.1262 0
0.2751 -0.1526 0
0.1093 -0.1286 0
0.1671 -0.1403 0
0.2516 -0.1447 0
0.1740 -0.1468 0
0.1417 -0.1323 0
0.2221 -0.1516 0
0.1937 -0.1265 0
0.2207 -0.1422 0
0.2223 -0.1628 0
0.1630 -0.1324 0
0.2229 -0.1483 0
0.2495 -0.1579 0
0.1200 -0.1467 0
0.2355 -0.1490 0
0.1887 -0.1604 0
0.0962 -0.1287 0
0.1894 -0.1374 0
0.1289 -0.1352 0
0.2685 -0.1476 0
0.2394 -0.1484 0
0.1892 -0.1562 0
0.1904 -0.1475 0
0.1978 -0.1134 0
0.1031 -0.1874 0
0.1336 -0.1845 0
0.0298 -0.1663 0
0.1015 -0.1680 0
0.4906 -0.1872 0
0.0817 -0.1859 0
0.0255 -0.1704 0
0.2900 -0.1809 0
0.4569 -0.1702 0
0.0512 -0.2208 0
0.1240 -0.1463 0
0.0877 -0.1442 0
0.1705 -0.1672 0
0.0771 -0.1425 0
0.0952 -0.1562 0
0.1823 -0.1364 0
0.0252 -0.6258 0
0.2394 -0.1581 0
0.0660 -0.1402 0
0.1789 -0.1565 0
0.1262 -0.1739 0
0.0598 -0.1481 0
0.1382 -0.1628 0
0.1132 -0.1550 0
0.1393 -0.1422 0
0.3207 -0.2218 0
0.1614 -0.1500 0
0.1139 -0.1442 0
0.2153 -0.1723 0
0.1482 -0.1477 0
0.1614 -0.1812 0
0.1925 -0.1728 0
0.0919 -0.1604 0
0.0965 -0.1627 0
0.1119 -0.0761 0
0.1346 -0.1480 0
0.1457 -0.1627 0
0.2895 -0.1723 0
0.3169 -0.1459 1
0.4426 -0.1488 1
0.3648 -0.1438 1
0.4363 -0.1458 1
0.4187 -0.1477 1
0.6017 -0.1515 1
0.3766 -0.1446 1
0.3818 -0.1462 1
0.3333 -0.1458 1
0.3640 -0.1436 1
0.3709 -0.1464 1
0.3578 -0.1452 1
0.5798 -0.1534 1
0.4122 -0.1439 1
0.8787 -0.1562 1
0.6819 -0.1649 1
0.7398 -0.1644 1
0.6750 -0.1642 1
0.6468 -0.1632 1
0.6719 -0.1638 1
0.7324 -0.1625 1
0.6611 -0.1632 1
0.7685 -0.1642 1
0.7187 -0.1649 1
0.7377 -0.1691 1
0.5706 -0.1660 1
0.9233 -0.1709 1
0.6931 -0.1666 1
0.5593 -0.1675 1
0.6026 -0.1696 1
0.6832 -0.1672 1
0.6517 -0.1686 1
0.6897 -0.1681 1
0.1114 -0.1309 1
0.1662 -0.1311 1
0.1191 -0.1372 1
0.1926 -0.1379 1
0.1941 -0.1372 1
0.2257 -0.1395 1
0.0339 -0.1155 1
0.4349 -0.1544 1
0.3571 -0.1502 1
0.3236 -0.1517 1
0.2018 -0.1506 1
0.2250 -0.1446 1
0.2743 -0.1426 1
0.1667 -0.1407 1
0.1462 -0.1268 1
0.3242 -0.1526 1
0.3724 -0.1671 1
0.1543 -0.1465 1
0.4766 -0.1631 1
0.3721 -0.1578 1
0.3971 -0.1633 1
0.2950 -0.1602 1
0.4135 -0.1595 1
0.2990 -0.1619 1
0.4131 -0.1594 1
0.3599 -0.1611 1
0.1879 -0.1558 1
0.5317 -0.1649 1
0.3730 -0.1643 1
0.2725 -0.1638 1
0.4605 -0.1628 1
0.3604 -0.1558 1
0.4080 -0.1661 1
0.1667 -0.1411 1
0.4626 -0.1614 1
0.4767 -0.1621 1
0.3044 -0.1653 1
0.3218 -0.1599 1
0.3888 -0.1609 1
0.3095 -0.1563 1
0.3461 -0.1650 1
0.2843 -0.1533 1
0.3475 -0.1638 1
0.4323 -0.1648 1
0.3165 -0.1644 1
0.4759 -0.1691 1
0.1705 -0.1514 1
0.6158 -0.1652 1
0.3594 -0.1612 1
0.5837 -0.1597 1
0.1744 -0.1586 1
0.2991 -0.1602 1
0.1203 -0.1567 1
0.5893 -0.1685 1
0.3727 -0.1715 1
0.1951 -0.1529 1
0.1504 -0.1635 1
0.1560 -0.1550 1
0.2002 -0.1599 1
0.5293 -0.1669 1
0.4176 -0.1649 1
0.3138 -0.1577 1
0.4617 -0.1726 1
0.2984 -0.1603 1
0.2107 -0.1660 1
0.3457 -0.1624 1
0.3595 -0.1649 1
0.3192 -0.1637 1
0.3209 -0.1717 1
0.0563 -0.1485 1
0.2078 -0.1619 1
0.3465 -0.1768 1
0.2060 -0.1490 1
0.0906 -0.1546 1
0.1540 -0.1509 1
0.2680 -0.1632 1
0.3957 -0.1732 1
0.5019 -0.1708 1
0.4405 -0.1646 1
0.4353 -0.1684 1
0.2055 -0.1530 1
0.3176 -0.1666 1
0.2598 -0.1657 1
0.4912 -0.1685 1
0.3840 -0.1607 1
0.1961 -0.1522 1
0.4335 -0.1686 1
0.1882 -0.1640 1
0.5302 -0.1732 1
0.4700 -0.1641 1
0.4017 -0.1668 1
0.1149 -0.1662 1
0.0810 -0.1595 1
0.1685 -0.1710 1
0.0362 -0.1408 1
0.1118 -0.1639 1
0.2326 -0.1690 1
0.1048 -0.1653 1
0.0390 -0.1487 1
0.0446 -0.1525 1
0.1029 -0.1668 1
0.0648 -0.1536 1
0.0852 -0.1594 1
0.0631 -0.1563 1
0.1179 -0.1678 1
0.0523 -0.1494 1
0.0492 -0.1509 1
0.1209 -0.1691 1
0.1441 -0.1757 1
0.1111 -0.1689 1
0.1636 -0.1731 1
0.1015 -0.1664 1
0.0672 -0.1683 1
0.0668 -0.1657 1
0.0825 -0.1627 1
0.0715 -0.1614 1
0.1000 -0.1656 1
0.1163 -0.1689 1
0.0861 -0.1687 1
0.1435 -0.1767 1
0.1222 -0.1689 1
0.1178 -0.1668 1
0.1165 -0.1651 1
0.1825 -0.1721 1
0.1275 -0.1666 1
0.0595 -0.1516 1
0.1679 -0.1703 1
0.1659 -0.1693 1
0.1797 -0.1724 1
0.0784 -0.1612 1
0.1148 -0.1665 1
0.1445 -0.1714 1
0.0669 -0.1553 1
0.1206 -0.1671 1
0.1427 -0.1700 1
0.0923 -0.1655 1
0.1113 -0.1703 1
0.1382 -0.1752 1
0.1068 -0.1691 1
0.0801 -0.1593 1
0.2210 -0.1771 1
0.1131 -0.1697 1
0.0905 -0.1690 1
0.1153 -0.1664 1
0.1410 -0.1715 1
0.0648 -0.1459 1
0.0607 -0.1614 1
0.1362 -0.1714 1
0.1107 -0.1717 1
0.0509 -0.1646 1
0.0737 -0.1646 1
0.1891 -0.1721 1
0.0882 -0.1595 1
0.1008 -0.1676 1
0.1090 -0.1640 1
0.1041 -0.1644 1
0.1132 -0.1684 1
0.2635 -0.1693 1
0.0737 -0.1589 1
0.0537 -0.1545 1
0.0515 -0.1533 1
0.0805 -0.1645 1
0.2229 -0.1713 1
0.1233 -0.1653 1
0.0652 -0.1563 1
0.0746 -0.1571 1
0.0900 -0.1717 1
0.1064 -0.1789 1
0.0254 -0.1238 1
0.1250 -0.1855 1
0.1573 -0.1934 1
0.0855 -0.2181 1
0.0799 -0.2153 1
0.0574 -0.1714 1
0.0501 -0.1762 1
0.0544 -0.1743 1
0.0599 -0.2198 1
0.0562 -0.2132 1
0.1008 -0.1779 1
0.1180 -0.1752 1
0.0389 -0.1593 1
0.0477 -0.1608 1
0.0691 -0.1731 1
0.0747 -0.1735 1
0.1495 -0.1758 1
0.0629 -0.1650 1
0.1797 -0.1847 1
0.1726 -0.1822 1
0.0748 -0.1708 1
0.0555 -0.1735 1
0.0118 -0.1093 1
0.2686 -0.1841 1
0.0280 -0.1537 1
0.1435 -0.1903 1
0.0476 -0.1585 1
0.1318 -0.1850 1
0.0959 -0.1793 1
0.1339 -0.1860 1
0.1356 -0.1897 1
0.0394 -0.1550 1
0.0565 -0.1694 1
0.0727 -0.1713 1
0.1907 -0.1937 1
0.1379 -0.1903 1
0.1006 -0.1858 1
0.0643 -0.1672 1
0.1742 -0.1957 1
0.0240 -0.1414 1
0.0863 -0.1843 1
0.1314 -0.1888 1
0.0404 -0.1690 1
0.0891 -0.1849 1
0.1412 -0.1795 1
0.2326 -0.2039 1
0.0610 -0.1578 1
0.0862 -0.1886 1
0.0503 -0.1394 1
0.0890 -0.1670 1
0.0876 -0.1829 1
0.0907 -0.1810 1
0.0481 -0.1675 1
0.1394 -0.1860 1
0.1065 -0.1893 1
0.0867 -0.1873 1
0.0982 -0.2003 1
0.2041 -0.2030 1
0.1741 -0.2014 1
0.1538 -0.2034 1
0.0696 -0.1881 1
0.2234 -0.2043 1
0.1062 -0.1972 1
0.2724 -0.2040 1
0.2919 -0.2057 1
0.5168 -0.1848 1
0.1081 -0.2012 1
0.1481 -0.2019 1
0.1193 -0.1971 1
0.1652 -0.1979 1
0.1295 -0.2017 1
0.1767 -0.2023 1
0.1218 -0.1975 1
0.2455 -0.1980 1
0.2576 -0.2011 1
0.1776 -0.1896 1
0.1549 -0.1941 1
0.1382 -0.1958 1
0.2702 -0.2013 1
0.3356 -0.2011 1
0.1086 -0.1943 1
0.1158 -0.1905 1
