Ax      Bx     Ay      By     Az      Bz     label
1.1423 -0.1184 1.1098 -0.1196 0.7491 -0.0785 0
1.4270 -0.1213 1.5549 -0.1016 0.9643 -0.0792 0
1.4856 -0.1189 1.4230 -0.1222 0.9411 -0.0792 0
1.3198 -0.1174 1.3892 -0.1136 0.8812 -0.0795 0
1.6155 -0.1229 1.7862 -0.1162 1.1244 -0.0793 0
0.9949 -0.1222 0.9280 -0.1214 0.6727 -0.0786 0
1.9897 -0.1243 2.2352 -0.1157 1.3417 -0.0794 0
0.7905 -0.1058 1.0646 -0.1192 0.7011 -0.0801 0
0.8241 -0.1191 0.6050 -0.0786 0.9031 -0.1166 0
1.6608 -0.1193 1.7738 -0.1165 1.1366 -0.0795 0
1.0474 -0.1145 0.9706 -0.1263 0.6761 -0.0776 0
0.9330 -0.1186 0.8279 -0.1228 0.6236 -0.0784 0
1.7982 -0.1248 2.0152 -0.1172 1.2900 -0.0795 0
1.3658 -0.1190 1.4263 -0.1188 0.9140 -0.0789 0
1.0598 -0.1199 1.0836 -0.1168 0.7174 -0.0787 0
0.9618 -0.1311 0.8507 -0.0803 0.9978 -0.1256 0
0.9512 -0.1255 0.6870 -0.0810 0.8323 -0.1303 0
0.9406 -0.1223 0.6999 -0.0813 0.8071 -0.1276 0
1.2193 -0.1194 0.8610 -0.0808 0.9950 -0.1294 0
1.1299 -0.1270 0.8625 -0.0803 0.9722 -0.1267 0
1.0089 -0.1232 0.7485 -0.0808 0.8319 -0.1320 0
1.0059 -0.1304 0.8651 -0.0792 1.0581 -0.1251 0
0.8163 -0.1353 0.7275 -0.0808 0.9128 -0.1244 0
0.9823 -0.1247 0.7873 -0.0801 0.8154 -0.1322 0
0.8671 -0.1257 0.6862 -0.0811 0.8036 -0.1313 0
0.7906 -0.1266 0.6036 -0.0816 0.7208 -0.1338 0
1.0368 -0.1244 0.8067 -0.0819 0.8906 -0.1323 0
0.7748 -0.1336 0.5347 -0.0819 0.6827 -0.1311 0
1.1315 -0.1242 0.8082 -0.0776 0.9906 -0.1259 0
0.7417 -0.1300 0.6187 -0.0799 0.8427 -0.1245 0
1.2274 -0.0774 1.6279 -0.1209 1.4068 -0.1283 0
1.1733 -0.0821 1.4401 -0.1259 1.3045 -0.1295 0
1.4111 -0.0826 1.5689 -0.1275 1.3961 -0.1275 0
0.9942 -0.0793 1.3502 -0.1217 1.1330 -0.1264 0
0.7835 -0.0824 0.8787 -0.1306 0.8886 -0.1264 0
0.9778 -0.0778 1.2707 -0.1279 1.4369 -0.1233 0
0.6665 -0.0807 0.9757 -0.1290 0.8941 -0.1275 0
1.0388 -0.0783 1.5129 -0.1229 1.2479 -0.1277 0
0.7578 -0.0801 1.0392 -0.1261 0.9240 -0.1269 0
1.0719 -0.0768 1.5969 -0.1275 1.4034 -0.1259 0
1.4371 -0.0803 1.6234 -0.1232 1.5255 -0.1313 0
0.8914 -0.1287 0.9702 -0.1285 0.6876 -0.0802 0
1.3779 -0.1233 1.0162 -0.0854 1.1806 -0.1269 0
1.3134 -0.0859 1.4557 -0.1231 1.2667 -0.1291 0
0.5553 -0.0979 0.8494 -0.1258 0.9666 -0.1266 0
0.5542 -0.0785 0.6636 -0.1259 0.7728 -0.1183 0
0.4426 -0.0788 0.6164 -0.1155 0.5506 -0.1235 0
0.9383 -0.1204 0.8054 -0.1312 0.7235 -0.0789 0
0.0000 -0.0069 0.0000 -0.0080 0.0000 -0.0002 0
0.6846 -0.1235 0.7034 -0.1228 0.5286 -0.0785 0
0.7538 -0.0787 0.9386 -0.1171 0.8101 -0.1265 0
0.7376 -0.1145 0.7928 -0.1144 0.6073 -0.0792 0
0.6422 -0.0851 0.7014 -0.1209 0.4991 -0.0834 0
0.7345 -0.1206 0.6529 -0.1292 0.5333 -0.0788 0
0.7495 -0.1181 0.6544 -0.1240 0.5285 -0.0784 0
0.7821 -0.1226 0.6776 -0.1431 0.5753 -0.0788 0
0.4875 -0.1220 0.4445 -0.1289 0.3815 -0.0786 0
0.5482 -0.0784 0.7542 -0.1183 0.6621 -0.1261 0
1.6075 -0.1241 1.4613 -0.0807 1.2083 -0.1882 0
0.9195 -0.1185 0.6621 -0.1411 0.6318 -0.0794 0
0.6857 -0.1158 0.8207 -0.1081 0.5230 -0.0786 0
0.6603 -0.1353 0.5424 -0.0838 0.6088 -0.1326 0
0.8206 -0.1411 0.7209 -0.0818 0.8092 -0.1320 0
0.8122 -0.1276 0.6681 -0.0827 0.7707 -0.1347 0
0.2971 -0.1554 0.2894 -0.0872 0.3458 -0.1427 0
0.6655 -0.1345 0.5524 -0.0848 0.5477 -0.1363 0
0.8910 -0.1398 0.7491 -0.0792 1.0350 -0.1328 0
1.0375 -0.1278 0.8558 -0.0804 0.9152 -0.1271 0
0.4643 -0.1436 0.3954 -0.0865 0.4148 -0.1660 0
0.7116 -0.1393 0.5977 -0.0827 0.6735 -0.1474 0
0.8521 -0.1325 0.8273 -0.0808 0.9481 -0.1287 0
0.5541 -0.1927 0.5059 -0.0874 0.6511 -0.1395 0
0.8169 -0.1509 0.8086 -0.0784 1.0685 -0.1363 0
0.7014 -0.1289 0.6048 -0.0818 0.6112 -0.1358 0
0.6376 -0.1407 0.7254 -0.0808 0.8450 -0.1290 0
0.6283 -0.1816 0.6500 -0.0829 0.7566 -0.1363 0
0.4983 -0.1318 0.6081 -0.1262 0.4228 -0.0905 0
0.8822 -0.0806 0.8506 -0.1393 0.8884 -0.1318 0
0.7318 -0.1259 0.7058 -0.1420 0.6082 -0.1080 0
0.5603 -0.0919 0.6224 -0.1515 0.6484 -0.1306 0
0.7030 -0.1304 0.8159 -0.1303 0.6431 -0.0854 0
0.0952 -0.0942 0.1284 -0.1597 0.1492 -0.1386 0
0.0755 -0.1010 0.1248 -0.1410 0.1373 -0.1277 0
0.5678 -0.0839 0.6567 -0.1379 0.5965 -0.1371 0
0.7062 -0.0968 0.8798 -0.1370 0.9218 -0.1313 0
0.6172 -0.0810 0.8211 -0.1323 0.7498 -0.1351 0
0.6724 -0.1267 0.6022 -0.1314 0.4375 -0.0807 0
0.5737 -0.0878 0.7935 -0.1349 0.8357 -0.1300 0
1.6389 -0.1317 1.1784 -0.1438 0.8158 -0.0707 0
0.6321 -0.0813 0.8540 -0.1362 0.7516 -0.1335 0
0.6989 -0.1386 0.6294 -0.0853 0.6322 -0.1342 0
0.4044 -0.1122 0.3175 -0.1496 0.3012 -0.0805 0
0.4448 -0.0790 0.5531 -0.1210 0.5532 -0.1233 0
0.1132 -0.1300 0.0985 -0.1554 0.1056 -0.0798 0
0.7349 -0.1157 0.6788 -0.1194 0.5513 -0.0788 0
0.7314 -0.1135 0.6315 -0.1212 0.5406 -0.0788 0
0.8484 -0.1276 0.9079 -0.1209 0.7040 -0.0785 0
0.5636 -0.1226 0.5012 -0.1439 0.4236 -0.0782 0
0.5135 -0.1364 0.6737 -0.1160 0.5215 -0.0787 0
0.6274 -0.1553 0.8252 -0.1244 0.6432 -0.0799 0
0.8534 -0.1240 0.7851 -0.1344 0.7098 -0.0793 0
0.9973 -0.1365 1.1882 -0.1210 1.0370 -0.0793 0
0.7299 -0.1339 0.8495 -0.1274 0.8110 -0.0803 0
1.0243 -0.1114 1.0406 -0.1121 0.7980 -0.0789 0
0.6415 -0.1131 0.6218 -0.1166 0.4596 -0.0785 0
0.8818 -0.1177 0.6226 -0.1431 0.6676 -0.0798 0
0.6162 -0.1275 0.5840 -0.0833 0.5693 -0.1254 0
0.5326 -0.1374 0.3855 -0.0891 0.4066 -0.1414 0
0.5392 -0.1543 0.4708 -0.0871 0.4172 -0.1608 0
0.6835 -0.1375 0.6370 -0.0837 0.6273 -0.1312 0
0.7514 -0.1238 0.7450 -0.0812 0.6544 -0.1361 0
0.8905 -0.1306 0.7837 -0.0812 0.7325 -0.1417 0
1.1729 -0.1255 0.8883 -0.0818 0.7505 -0.1477 0
1.1645 -0.1277 1.0044 -0.0793 0.7629 -0.1470 0
0.7782 -0.1288 0.5588 -0.0837 0.5258 -0.1363 0
0.9239 -0.1300 0.6392 -0.0824 0.7349 -0.1557 0
1.0804 -0.1265 0.8217 -0.0804 0.8727 -0.1318 0
0.6572 -0.2082 0.8196 -0.0807 0.9282 -0.1283 0
0.8256 -0.1244 0.5768 -0.0841 0.7139 -0.1318 0
0.9609 -0.1258 0.7455 -0.0814 0.7247 -0.1444 0
0.5626 -0.0810 0.7020 -0.1279 0.6182 -0.1334 0
0.9924 -0.0792 1.0338 -0.1306 0.9947 -0.1333 0
0.5043 -0.0819 0.7399 -0.1361 0.6420 -0.1377 0
0.6742 -0.1481 0.7192 -0.1655 0.5255 -0.1147 0
0.9349 -0.0755 1.1718 -0.1368 1.0749 -0.1457 0
1.0000 -0.1306 1.0065 -0.1323 0.7864 -0.0816 0
0.9625 -0.0785 0.9671 -0.1366 0.9179 -0.1323 0
0.6930 -0.0873 0.8671 -0.1529 0.7943 -0.1466 0
0.7036 -0.0778 1.0196 -0.1287 0.8841 -0.1370 0
0.7035 -0.0812 1.1378 -0.1234 0.9846 -0.1327 0
0.4587 -0.0765 0.9835 -0.1318 0.9016 -0.1380 0
0.6460 -0.1053 1.0359 -0.1326 0.9131 -0.1353 0
0.8017 -0.1270 0.7076 -0.0808 0.6662 -0.1351 0
0.6518 -0.0810 0.8317 -0.1328 0.7485 -0.1366 0
0.8053 -0.0979 0.8676 -0.1479 0.8300 -0.1419 0
1.3150 -0.0587 0.3466 -0.0889 0.4930 -0.0795 1
0.3637 -0.0905 0.4871 -0.0795 1.4425 -0.0588 1
0.3398 -0.0899 0.5123 -0.0791 1.3782 -0.0581 1
0.3289 -0.0867 0.4619 -0.0827 0.9102 -0.0618 1
0.4320 -0.0816 0.3517 -0.0861 0.8652 -0.0616 1
0.2700 -0.0876 0.3811 -0.0824 0.7156 -0.0616 1
0.3004 -0.0739 0.1610 -0.0830 0.0786 -0.0965 1
0.0676 -0.0963 0.1264 -0.0842 0.2277 -0.0736 1
0.0595 -0.0971 0.1069 -0.0839 0.2263 -0.0742 1
0.0439 -0.1008 0.0549 -0.0947 0.3123 -0.0560 1
0.0550 -0.0887 0.0449 -0.0975 0.2847 -0.0563 1
0.7554 -0.0749 0.0975 -0.1050 0.4062 -0.0840 1
0.5974 -0.0749 0.0981 -0.1035 0.3579 -0.0829 1
0.1253 -0.0920 0.2114 -0.1002 0.1306 -0.0852 1
0.1023 -0.0857 0.1725 -0.1012 0.1165 -0.0891 1
0.3044 -0.0807 0.2104 -0.0924 0.7731 -0.0585 1
0.2273 -0.0944 0.4085 -0.0802 0.9153 -0.0574 1
1.1423 -0.0573 0.2860 -0.0940 0.5092 -0.0796 1
0.1836 -0.0854 0.3333 -0.0592 0.1457 -0.0901 1
0.1707 -0.0903 0.4269 -0.0594 0.2181 -0.0861 1
0.1936 -0.0877 0.4958 -0.0608 0.2585 -0.0847 1
0.0589 -0.0845 0.0268 -0.1076 0.0810 -0.0728 1
0.0288 -0.0876 0.0177 -0.1003 0.0421 -0.0729 1
0.0373 -0.0884 0.0226 -0.1147 0.0734 -0.0730 1
0.0328 -0.0911 0.0301 -0.0960 0.1358 -0.0542 1
0.2131 -0.0871 0.0576 -0.1096 0.3873 -0.0750 1
0.1387 -0.0910 0.0281 -0.5318 0.2787 -0.0758 1
0.0038 -0.0487 0.0140 -0.0488 0.0071 -0.0507 1
0.0041 -0.0453 0.0079 -0.0512 0.0156 -0.0503 1
0.1384 -0.0930 0.2596 -0.0790 0.6340 -0.0603 1
0.2867 -0.0770 0.1744 -0.0868 0.5102 -0.0588 1
0.2678 -0.0791 0.1731 -0.0945 0.5673 -0.0581 1
0.1828 -0.0732 0.1170 -0.0846 0.0825 -0.0824 1
0.1138 -0.0742 0.0540 -0.0864 0.0612 -0.0873 1
0.1067 -0.0893 0.0810 -0.0911 0.1860 -0.0599 1
0.1484 -0.0962 0.2249 -0.0858 0.4003 -0.0591 1
0.0959 -0.1020 0.1984 -0.0883 0.3822 -0.0595 1
0.0047 -0.1210 0.0023 -0.4185 0.0277 -0.0566 1
0.0476 -0.0660 0.0295 -0.0625 0.0206 -0.0713 1
0.1274 -0.0859 0.0344 -0.1278 0.2777 -0.0743 1
0.0797 -0.0833 0.0161 -0.2191 0.1566 -0.0751 1
0.1621 -0.0901 0.0669 -0.0865 0.0845 -0.0798 1
0.0496 -0.0856 0.0157 -0.2086 0.0449 -0.0809 1
0.1312 -0.0848 0.1685 -0.0851 0.1839 -0.0849 2
0.0752 -0.0856 0.0954 -0.0855 0.0977 -0.0861 2
0.1461 -0.0849 0.2128 -0.0835 0.1735 -0.0844 2
0.0744 -0.0851 0.0975 -0.0857 0.0928 -0.0862 2
0.1070 -0.0847 0.1239 -0.0851 0.1308 -0.0854 2
0.1140 -0.0845 0.1769 -0.0845 0.1496 -0.0848 2
0.0807 -0.0852 0.0648 -0.0863 0.0822 -0.0857 2
0.1924 -0.0840 0.1693 -0.0842 0.2215 -0.0834 2
0.0793 -0.0859 0.0827 -0.0867 0.0931 -0.0858 2
0.0534 -0.0869 0.1050 -0.0855 0.0784 -0.0859 2
0.0861 -0.0855 0.0992 -0.0860 0.0978 -0.0854 2
0.0772 -0.0860 0.0992 -0.0850 0.0726 -0.0866 2
0.0594 -0.0876 0.0610 -0.0880 0.0692 -0.0870 2
0.0774 -0.0841 0.1210 -0.0845 0.1020 -0.0851 2
0.1018 -0.0861 0.0927 -0.0874 0.0823 -0.0861 2
0.0938 -0.0830 0.0791 -0.0847 0.0821 -0.0833 2
0.1068 -0.0835 0.0894 -0.0845 0.0850 -0.0854 2
0.0654 -0.0860 0.0669 -0.0857 0.0606 -0.0866 2
0.0913 -0.0848 0.0790 -0.0851 0.0792 -0.0846 2
0.0768 -0.0888 0.0605 -0.0906 0.0733 -0.0866 2
0.1068 -0.0843 0.1128 -0.0839 0.0909 -0.0856 2
0.1077 -0.0851 0.1002 -0.0848 0.0848 -0.0846 2
0.0855 -0.0861 0.0516 -0.0919 0.0725 -0.0866 2
0.0976 -0.0851 0.0873 -0.0862 0.0894 -0.0851 2
0.1092 -0.0843 0.0952 -0.0847 0.0936 -0.0841 2
0.0690 -0.0853 0.0619 -0.0864 0.0658 -0.0842 2
0.1075 -0.0845 0.0965 -0.0853 0.1065 -0.0837 2
0.0637 -0.0858 0.0744 -0.0856 0.0701 -0.0854 2
0.0829 -0.0859 0.0531 -0.0885 0.0757 -0.0860 2
0.0258 -0.0904 0.0148 -0.0976 0.0309 -0.0890 2
0.0934 -0.0806 0.1016 -0.0796 0.0609 -0.0828 2
0.1075 -0.0794 0.0639 -0.0837 0.0807 -0.0800 2
0.0160 -0.0819 0.0156 -0.0841 0.0188 -0.0824 2
0.0143 -0.0892 0.0153 -0.0892 0.0121 -0.0912 2
0.0257 -0.0873 0.0175 -0.0871 0.0218 -0.0851 2
0.0274 -0.0798 0.0269 -0.0812 0.0257 -0.0805 2
0.1252 -0.0806 0.1273 -0.0789 0.0901 -0.0807 2
0.0673 -0.0851 0.0521 -0.0841 0.0449 -0.0874 2
0.0334 -0.0839 0.0305 -0.0849 0.0650 -0.0837 2
0.0850 -0.0807 0.0798 -0.0806 0.0676 -0.0812 2
0.0196 -0.1128 0.0429 -0.0898 0.0458 -0.0854 2
0.0090 -0.0772 0.0094 -0.0779 0.0165 -0.0860 2
0.0565 -0.0830 0.0580 -0.0828 0.0526 -0.0829 2
0.3964 -0.0788 0.4062 -0.0810 0.2078 -0.1160 3
0.5436 -0.0786 0.6087 -0.0793 0.2839 -0.1119 3
0.3636 -0.0802 0.3018 -0.0796 0.1792 -0.1162 3
0.4010 -0.0796 0.4598 -0.0799 0.2167 -0.1158 3
0.4952 -0.0796 0.4955 -0.0793 0.2399 -0.1129 3
0.3007 -0.0805 0.2934 -0.0800 0.1649 -0.1156 3
0.3735 -0.0807 0.3590 -0.0795 0.1947 -0.1160 3
0.3546 -0.0803 0.3743 -0.0800 0.1881 -0.1154 3
0.3200 -0.0804 0.3141 -0.0800 0.1729 -0.1172 3
0.4547 -0.0798 0.4558 -0.0789 0.2274 -0.1131 3
0.4697 -0.0804 0.4852 -0.0790 0.2310 -0.1175 3
0.4939 -0.0791 0.5021 -0.0798 0.2413 -0.1132 3
0.3491 -0.0812 0.1640 -0.1111 0.2840 -0.0799 3
0.4652 -0.0808 0.2580 -0.1034 0.4076 -0.0798 3
0.3113 -0.0796 0.1813 -0.1088 0.3521 -0.0811 3
0.3264 -0.0790 0.1806 -0.1014 0.3253 -0.0806 3
0.3416 -0.0797 0.2022 -0.1066 0.3750 -0.0809 3
0.5446 -0.0808 0.2925 -0.1015 0.4872 -0.0790 3
0.3088 -0.0797 0.1706 -0.1137 0.3705 -0.0809 3
0.3735 -0.0786 0.2397 -0.1010 0.3938 -0.0805 3
0.3979 -0.0794 0.2225 -0.1093 0.4220 -0.0808 3
0.3073 -0.0792 0.1799 -0.1045 0.3115 -0.0805 3
0.3552 -0.0813 0.1527 -0.1172 0.3080 -0.0797 3
0.3222 -0.0791 0.1786 -0.1098 0.3437 -0.0809 3
0.3359 -0.0786 0.1716 -0.1087 0.3370 -0.0805 3
0.3490 -0.0806 0.1766 -0.1107 0.3455 -0.0786 3
0.4519 -0.0807 0.2549 -0.1065 0.4194 -0.0803 3
0.3632 -0.0805 0.1949 -0.1017 0.3265 -0.0805 3
0.5364 -0.1045 0.8818 -0.0804 1.0315 -0.0796 3
0.4620 -0.0984 0.6488 -0.0800 0.6684 -0.0808 3
0.1993 -0.1056 0.3762 -0.0790 0.4123 -0.0804 3
0.2790 -0.1010 0.4944 -0.0803 0.4658 -0.0805 3
0.4239 -0.0805 0.4212 -0.0792 0.2284 -0.1009 3
0.4078 -0.0983 0.6790 -0.0789 0.6139 -0.0803 3
0.4715 -0.1077 0.8442 -0.0805 0.7445 -0.0809 3
0.4428 -0.0986 0.8390 -0.0798 0.7563 -0.0806 3
0.5315 -0.0803 0.4930 -0.0806 0.2782 -0.1055 3
0.3434 -0.1033 0.5962 -0.0802 0.6325 -0.0801 3
0.1744 -0.1068 0.3738 -0.0797 0.3493 -0.0810 3
0.3534 -0.1007 0.5978 -0.0801 0.5962 -0.0804 3
0.2245 -0.0780 0.2404 -0.0788 0.1440 -0.1105 3
0.2707 -0.0775 0.3006 -0.0783 0.1876 -0.1074 3
0.2699 -0.0788 0.2103 -0.0787 0.1389 -0.1128 3
0.2614 -0.0779 0.3209 -0.0780 0.1756 -0.1056 3
0.2229 -0.0788 0.2570 -0.0791 0.1514 -0.1116 3
0.2322 -0.0785 0.2419 -0.0796 0.1463 -0.1127 3
0.2655 -0.0777 0.2942 -0.0778 0.1779 -0.1048 3
0.1965 -0.0797 0.1962 -0.0793 0.1171 -0.1087 3
0.2075 -0.0792 0.2424 -0.0795 0.1425 -0.1137 3
0.2565 -0.0782 0.2895 -0.0782 0.1661 -0.1061 3
0.2512 -0.0786 0.2461 -0.0784 0.1464 -0.1118 3
0.2957 -0.0779 0.2978 -0.0783 0.1806 -0.1117 3
0.2370 -0.0797 0.2494 -0.0793 0.1531 -0.1120 3
0.2697 -0.0783 0.2426 -0.0782 0.1545 -0.1070 3
0.3720 -0.0784 0.3080 -0.0771 0.1990 -0.1080 3
0.2322 -0.0785 0.1484 -0.1048 0.2774 -0.0790 3
0.2728 -0.0781 0.2781 -0.0790 0.1602 -0.1039 3
0.4332 -0.0790 0.2403 -0.1050 0.3682 -0.0777 3
0.4137 -0.0788 0.1713 -0.1229 0.3420 -0.0786 3
0.2384 -0.0787 0.2493 -0.0788 0.1328 -0.1045 3
0.3181 -0.0789 0.1630 -0.1030 0.2446 -0.0784 3
0.2377 -0.0788 0.1542 -0.1239 0.3954 -0.0796 3
0.2275 -0.0789 0.1324 -0.1033 0.2260 -0.0780 3
0.2638 -0.0782 0.1817 -0.0987 0.3028 -0.0787 3
0.2658 -0.0790 0.1211 -0.0958 0.2091 -0.0787 3
0.2532 -0.0776 0.1800 -0.0965 0.3008 -0.0788 3
0.3443 -0.0790 0.1842 -0.1025 0.2917 -0.0778 3
0.3465 -0.0787 0.2138 -0.0997 0.3184 -0.0777 3
0.2821 -0.0781 0.1655 -0.1043 0.3195 -0.0789 3
0.2200 -0.0780 0.1257 -0.1027 0.2223 -0.0791 3
0.1631 -0.0922 0.2540 -0.0776 0.2655 -0.0790 3
0.1762 -0.1198 0.4235 -0.0786 0.4019 -0.0770 3
0.1333 -0.0947 0.2514 -0.0776 0.2617 -0.0788 3
0.1441 -0.0996 0.2230 -0.0772 0.2299 -0.0787 3
0.1537 -0.1161 0.2905 -0.0778 0.3256 -0.0791 3
0.2210 -0.0971 0.3107 -0.0774 0.3139 -0.0788 3
0.1684 -0.1056 0.3023 -0.0778 0.2944 -0.0790 3
0.1899 -0.0990 0.2166 -0.0784 0.2474 -0.0789 3
0.2874 -0.0791 0.1559 -0.1078 0.2778 -0.0773 3
0.2936 -0.0787 0.1735 -0.1020 0.3091 -0.0777 3
0.2711 -0.0965 0.4391 -0.0768 0.4045 -0.0782 3
0.3232 -0.0790 0.3143 -0.0771 0.1578 -0.1083 3
0.2017 -0.0973 0.2729 -0.0783 0.2800 -0.0788 3
0.2250 -0.0792 0.2156 -0.0777 0.1087 -0.1152 3
0.2392 -0.0978 0.3288 -0.0773 0.3382 -0.0783 3
0.0387 -0.1106 0.0678 -0.0872 0.0482 -0.1305 3
0.2296 -0.0797 0.2768 -0.0779 0.1410 -0.1095 3
0.2094 -0.0802 0.1957 -0.0798 0.1075 -0.1151 3
0.3639 -0.0775 0.3717 -0.0770 0.1867 -0.1034 3
0.2393 -0.0794 0.2314 -0.0790 0.1219 -0.1261 3
0.2834 -0.0782 0.2549 -0.0777 0.1511 -0.1050 3
0.1527 -0.0832 0.1992 -0.0802 0.0965 -0.1229 3
0.1130 -0.0804 0.1124 -0.0825 0.0652 -0.1153 3
0.1951 -0.0788 0.1943 -0.0804 0.1138 -0.1097 3
0.1670 -0.1095 0.2553 -0.0787 0.2864 -0.0777 3
0.2531 -0.0784 0.2195 -0.0791 0.1365 -0.1107 3
0.1851 -0.0799 0.2151 -0.0798 0.1327 -0.1093 3
0.3075 -0.0782 0.3178 -0.0774 0.1850 -0.1113 3
0.2928 -0.0774 0.2982 -0.0779 0.1690 -0.1033 3
0.2403 -0.0790 0.1695 -0.0808 0.1288 -0.1167 3
0.2783 -0.0782 0.1575 -0.1058 0.2526 -0.0779 3
0.2781 -0.0771 0.1853 -0.0903 0.2795 -0.0777 3
0.4560 -0.0774 0.3029 -0.0905 0.3307 -0.0772 3
0.3545 -0.0774 0.2576 -0.0931 0.3349 -0.0776 3
0.3493 -0.0776 0.2688 -0.0932 0.4012 -0.0773 3
0.3221 -0.0778 0.2549 -0.0928 0.3346 -0.0774 3
0.3026 -0.0784 0.1607 -0.1106 0.2840 -0.0785 3
0.4476 -0.0775 0.2898 -0.0967 0.4964 -0.0771 3
0.2353 -0.0773 0.1639 -0.0938 0.2229 -0.0777 3
0.0357 -0.0769 0.0252 -0.1164 0.0486 -0.0793 3
0.0815 -0.0782 0.0678 -0.0958 0.0929 -0.0780 3
0.0965 -0.1163 0.2325 -0.0768 0.2048 -0.0782 3
0.1006 -0.1304 0.2275 -0.0777 0.2195 -0.0788 3
0.0820 -0.1486 0.2472 -0.0788 0.2425 -0.0773 3
0.2648 -0.0781 0.2701 -0.0767 0.2136 -0.0943 3
0.0829 -0.1243 0.2188 -0.0775 0.1776 -0.0783 3
0.1654 -0.1028 0.2679 -0.0771 0.2646 -0.0781 3
0.2462 -0.0964 0.4626 -0.0760 0.4259 -0.0777 3
0.1392 -0.1210 0.3027 -0.0765 0.3334 -0.0779 3
0.3246 -0.0912 0.4389 -0.0768 0.4046 -0.0778 3
0.0863 -0.6406 0.3207 -0.0768 0.3481 -0.0784 3
0.0601 -0.1322 0.1131 -0.0784 0.1224 -0.0788 3
0.1408 -0.1339 0.3793 -0.0764 0.3478 -0.0780 3
0.1789 -0.0994 0.3004 -0.0770 0.3075 -0.0783 3
0.0717 -0.4198 0.2513 -0.0793 0.2672 -0.0780 3
0.0992 -0.0489 0.0928 -0.0486 0.0521 -0.0730 4
0.1347 -0.0498 0.1244 -0.0492 0.0605 -0.0737 4
0.0957 -0.0462 0.0520 -0.0737 0.1165 -0.0490 4
0.1140 -0.0490 0.0687 -0.0735 0.1308 -0.0508 4
0.0996 -0.0499 0.0791 -0.0464 0.0402 -0.0732 4
0.0507 -0.0726 0.0795 -0.0473 0.0918 -0.0487 4
0.0860 -0.0471 0.0789 -0.0496 0.0371 -0.0709 4
0.0977 -0.0489 0.0919 -0.0478 0.0508 -0.0734 4
0.0821 -0.0466 0.0963 -0.0485 0.0445 -0.0727 4
0.1031 -0.0503 0.0930 -0.0488 0.0528 -0.0730 4
0.0478 -0.0728 0.0858 -0.0480 0.0833 -0.0485 4
0.0889 -0.0486 0.0889 -0.0478 0.0431 -0.0731 4
0.0736 -0.0476 0.0725 -0.0459 0.0387 -0.0729 4
0.0701 -0.0470 0.0871 -0.0494 0.0454 -0.0724 4
0.0906 -0.0481 0.0520 -0.0727 0.0964 -0.0480 4
0.1322 -0.0447 0.0796 -0.0598 0.1545 -0.0460 4
0.1472 -0.0451 0.0975 -0.0608 0.1541 -0.0455 4
0.1349 -0.0445 0.0694 -0.0573 0.1106 -0.0427 4
0.1352 -0.0464 0.0961 -0.0590 0.1511 -0.0458 4
0.1149 -0.0442 0.0849 -0.0574 0.1373 -0.0456 4
0.1083 -0.0401 0.1093 -0.0544 0.1769 -0.0453 4
0.1559 -0.0445 0.1044 -0.0580 0.1653 -0.0429 4
0.1062 -0.0441 0.0668 -0.0574 0.0973 -0.0433 4
0.1723 -0.0449 0.1123 -0.0578 0.1021 -0.0414 4
0.1297 -0.0440 0.0777 -0.0572 0.1535 -0.0460 4
0.1254 -0.0448 0.0623 -0.0586 0.0870 -0.0403 4
0.1115 -0.0457 0.0575 -0.0551 0.0965 -0.0443 4
0.1658 -0.0462 0.1100 -0.0603 0.1593 -0.0459 4
0.1478 -0.0440 0.0782 -0.0563 0.1411 -0.0439 4
0.1022 -0.0636 0.1857 -0.0456 0.1674 -0.0455 4
0.1332 -0.0641 0.2131 -0.0454 0.1974 -0.0460 4
0.0774 -0.0608 0.1432 -0.0451 0.1692 -0.0459 4
0.1120 -0.0617 0.1775 -0.0451 0.1590 -0.0458 4
0.1365 -0.0445 0.0985 -0.0610 0.1448 -0.0439 4
0.0880 -0.0630 0.1919 -0.0464 0.1662 -0.0460 4
0.0934 -0.0662 0.1939 -0.0455 0.1721 -0.0449 4
0.0960 -0.0607 0.2062 -0.0459 0.1789 -0.0457 4
0.1327 -0.0432 0.1393 -0.0432 0.0517 -0.0597 4
0.1734 -0.0461 0.0652 -0.0588 0.1531 -0.0452 4
0.0861 -0.0640 0.1526 -0.0449 0.1796 -0.0454 4
0.0603 -0.0591 0.1099 -0.0422 0.1193 -0.0447 4
0.0763 -0.0618 0.1426 -0.0442 0.1355 -0.0433 4
0.1357 -0.0576 0.1973 -0.0468 0.1520 -0.0458 4
0.0807 -0.0629 0.1679 -0.0454 0.1581 -0.0448 4
0.0905 -0.0452 0.0617 -0.0419 0.0455 -0.0732 4
0.0226 -0.0405 0.0372 -0.0506 0.0189 -0.0749 4
0.0660 -0.0498 0.0415 -0.0408 0.0281 -0.0726 4
0.0202 -0.0718 0.0345 -0.0390 0.0573 -0.0467 4
0.0318 -0.0335 0.0437 -0.0401 0.0287 -0.0732 4
0.0341 -0.0729 0.0799 -0.0479 0.0752 -0.0467 4
0.0292 -0.0417 0.0339 -0.0451 0.0221 -0.0697 4
0.0402 -0.0452 0.0468 -0.0455 0.0313 -0.0708 4
0.0459 -0.0651 0.1284 -0.0473 0.1285 -0.0610 4
0.0350 -0.0477 0.0305 -0.0443 0.0170 -0.0712 4
0.0772 -0.0516 0.0674 -0.0552 0.0444 -0.0719 4
0.0391 -0.0439 0.0378 -0.0470 0.0240 -0.0704 4
0.0607 -0.0465 0.0491 -0.0421 0.0310 -0.0728 4
0.0182 -0.0668 0.0424 -0.0491 0.0280 -0.0579 4
0.0267 -0.0431 0.0271 -0.0457 0.0207 -0.0711 4
0.0356 -0.0440 0.0272 -0.0511 0.0493 -0.0428 4
0.0823 -0.0447 0.0495 -0.0528 0.0891 -0.0440 4
0.1017 -0.0464 0.0772 -0.0581 0.1176 -0.0487 4
0.0692 -0.0391 0.0308 -0.0439 0.0545 -0.0337 4
0.0351 -0.0300 0.0554 -0.0519 0.0746 -0.0442 4
0.1059 -0.0482 0.0627 -0.0583 0.1065 -0.0461 4
0.0131 -0.0239 0.0419 -0.0589 0.0543 -0.0458 4
0.0580 -0.0430 0.0404 -0.0533 0.0688 -0.0441 4
0.1014 -0.0459 0.0599 -0.0548 0.0903 -0.0440 4
0.0595 -0.0441 0.0457 -0.0553 0.0688 -0.0474 4
0.0373 -0.0346 0.0433 -0.0527 0.0611 -0.0450 4
0.0651 -0.0440 0.0581 -0.0588 0.0989 -0.0487 4
0.0439 -0.0409 0.0644 -0.0419 0.0855 -0.0436 4
0.0768 -0.0433 0.0527 -0.0542 0.0911 -0.0447 4
0.0570 -0.0687 0.0877 -0.0481 0.0776 -0.0459 4
0.0265 -0.0469 0.0626 -0.0437 0.0739 -0.0417 4
0.0602 -0.0630 0.0868 -0.0445 0.0760 -0.0408 4
0.0460 -0.0690 0.0887 -0.0437 0.1147 -0.0452 4
0.0243 -0.0627 0.0535 -0.0463 0.0422 -0.0378 4
0.0624 -0.0571 0.0747 -0.0448 0.0983 -0.0471 4
0.0441 -0.0652 0.0816 -0.0487 0.0630 -0.0465 4
0.0189 -0.0514 0.0333 -0.0347 0.0440 -0.0425 4
0.0183 -0.0504 0.0855 -0.0424 0.0856 -0.0446 4
0.0284 -0.0533 0.0587 -0.0434 0.0418 -0.0385 4
0.0542 -0.0579 0.1038 -0.0455 0.1105 -0.0441 4
0.0509 -0.0538 0.1023 -0.0483 0.0862 -0.0463 4
0.0761 -0.0646 0.0510 -0.0455 0.0621 -0.0462 4
0.0537 -0.0596 0.0613 -0.0440 0.0754 -0.0439 4
0.0322 -0.0388 0.0679 -0.0349 0.0977 -0.0397 4
0.0336 -0.0568 0.0457 -0.0585 0.0238 -0.0720 4
0.0335 -0.0577 0.0616 -0.0543 0.0385 -0.0725 4
0.0037 -0.0517 0.0156 -0.0670 0.0105 -0.0476 4
0.0231 -0.0729 0.0222 -0.0391 0.0561 -0.0560 4
0.1613 -0.0578 0.1043 -0.0709 0.2250 -0.0585 4
0.0177 -0.0743 0.0214 -0.0501 0.0426 -0.0616 4
0.0091 -0.0472 0.0112 -0.0535 0.0052 -0.0697 4
0.0976 -0.0533 0.0698 -0.0706 0.1226 -0.0570 4
0.0688 -0.0387 0.1290 -0.0719 0.2591 -0.0595 4
0.0080 -0.0653 0.0076 -0.1002 0.0356 -0.0553 4
0.0372 -0.0485 0.0281 -0.0585 0.0587 -0.0393 4
0.0239 -0.0434 0.0178 -0.0515 0.0461 -0.0494 4
0.0371 -0.0659 0.0591 -0.0495 0.0743 -0.0518 4
0.0216 -0.0508 0.0348 -0.0516 0.0207 -0.0401 4
0.0191 -0.0549 0.0258 -0.0516 0.0502 -0.0497 4
0.0467 -0.0536 0.0158 -0.0339 0.1198 -0.0489 4
0.0046 -0.0748 0.0029 -0.5238 0.0177 -0.0273 4
0.0513 -0.0500 0.0449 -0.0568 0.1432 -0.0512 4
0.0142 -0.0524 0.0342 -0.0525 0.0175 -0.0352 4
0.0634 -0.0507 0.0438 -0.0594 0.0716 -0.0464 4
0.0151 -0.0590 0.0498 -0.0653 0.0613 -0.0495 4
0.0164 -0.0459 0.0129 -0.0548 0.0306 -0.0474 4
0.0358 -0.0676 0.0380 -0.0463 0.0644 -0.0489 4
0.0372 -0.0484 0.0269 -0.0575 0.0491 -0.0491 4
0.0346 -0.0521 0.0562 -0.0461 0.0484 -0.0440 4
0.0522 -0.1189 0.1302 -0.0589 0.1382 -0.0440 4
0.0214 -0.0504 0.0372 -0.0496 0.1028 -0.0500 4
0.0383 -0.0461 0.0606 -0.0520 0.0150 -0.0460 4
0.0374 -0.0657 0.0730 -0.0605 0.1049 -0.0461 4
0.0385 -0.0500 0.0643 -0.0505 0.0454 -0.0471 4
0.0315 -0.0703 0.0458 -0.0595 0.0840 -0.0514 4
0.0170 -0.0712 0.0816 -0.0526 0.0940 -0.0490 4
0.0277 -0.0481 0.0286 -0.0637 0.0356 -0.0487 4
0.0377 -0.0499 0.0321 -0.0499 0.0268 -0.0630 4
0.0386 -0.0351 0.0067  0.0137 0.0666 -0.0548 4
0.0541 -0.0567 0.0366 -0.0479 0.0439 -0.0435 4
0.0447 -0.0623 0.0531 -0.0497 0.0479 -0.0507 4
0.0589 -0.0700 0.0962 -0.0605 0.1344 -0.0419 4
0.1313 -0.0488 0.1159 -0.0476 0.0697 -0.0495 5
0.1843 -0.0494 0.1675 -0.0488 0.0908 -0.0506 5
0.0810 -0.0494 0.1436 -0.0473 0.1402 -0.0471 5
0.0941 -0.0499 0.1715 -0.0479 0.1707 -0.0480 5
0.1725 -0.0490 0.1559 -0.0483 0.0903 -0.0504 5
0.2467 -0.0501 0.2343 -0.0498 0.1207 -0.0517 5
0.1504 -0.0480 0.1472 -0.0476 0.0791 -0.0489 5
0.1547 -0.0482 0.1457 -0.0481 0.0813 -0.0499 5
0.1389 -0.0483 0.0724 -0.0496 0.1220 -0.0480 5
0.1378 -0.0474 0.1459 -0.0465 0.0802 -0.0497 5
0.0804 -0.0497 0.1358 -0.0477 0.1548 -0.0490 5
0.1496 -0.0485 0.1298 -0.0473 0.0785 -0.0495 5
0.2408 -0.0509 0.2216 -0.0505 0.1174 -0.0520 5
0.1654 -0.0473 0.1561 -0.0472 0.0907 -0.0494 5
0.3587 -0.0518 0.3487 -0.0515 0.1713 -0.0529 5
0.2864 -0.0538 0.1610 -0.0568 0.2345 -0.0543 5
0.2934 -0.0534 0.1930 -0.0565 0.2534 -0.0546 5
0.2414 -0.0546 0.1680 -0.0561 0.2657 -0.0535 5
0.2704 -0.0537 0.2234 -0.0543 0.1530 -0.0552 5
0.2756 -0.0540 0.1693 -0.0555 0.2269 -0.0542 5
0.2973 -0.0537 0.1881 -0.0544 0.2469 -0.0544 5
0.2756 -0.0542 0.1576 -0.0548 0.2279 -0.0542 5
0.3066 -0.0535 0.1993 -0.0564 0.2627 -0.0543 5
0.2980 -0.0539 0.1703 -0.0568 0.2504 -0.0543 5
0.1883 -0.0593 0.2851 -0.0554 0.2642 -0.0544 5
0.1282 -0.0570 0.2267 -0.0544 0.2157 -0.0547 5
0.2541 -0.0597 0.3587 -0.0564 0.3106 -0.0549 5
0.2538 -0.0535 0.1744 -0.0595 0.2649 -0.0536 5
0.2133 -0.0537 0.1165 -0.0591 0.2295 -0.0546 5
0.1277 -0.0604 0.2420 -0.0554 0.2328 -0.0538 5
0.2625 -0.0534 0.1725 -0.0601 0.2482 -0.0537 5
0.1477 -0.0597 0.2637 -0.0545 0.2403 -0.0544 5
0.2561 -0.0543 0.2639 -0.0542 0.1697 -0.0596 5
0.0366 -0.0413 0.0456 -0.0439 0.0293 -0.0457 5
0.0735 -0.0450 0.0469 -0.0391 0.0458 -0.0470 5
0.0337 -0.0485 0.0464 -0.0455 0.0389 -0.0432 5
0.0693 -0.0444 0.0706 -0.0444 0.0527 -0.0491 5
0.0804 -0.0461 0.0536 -0.0496 0.0600 -0.0415 5
0.0773 -0.0452 0.0918 -0.0460 0.0566 -0.0484 5
0.0082 -0.0340 0.0114 -0.0388 0.0143 -0.0427 5
0.1527 -0.0498 0.1735 -0.0514 0.1087 -0.0532 5
0.1245 -0.0485 0.0796 -0.0512 0.1531 -0.0506 5
0.1276 -0.0503 0.1149 -0.0484 0.0811 -0.0530 5
0.0714 -0.0492 0.0820 -0.0502 0.0484 -0.0512 5
0.0861 -0.0476 0.0808 -0.0464 0.0581 -0.0506 5
0.1089 -0.0474 0.1064 -0.0477 0.0590 -0.0475 5
0.0373 -0.0467 0.0693 -0.0493 0.0601 -0.0448 5
0.0405 -0.0465 0.0648 -0.0447 0.0409 -0.0356 5
0.1488 -0.0534 0.0711 -0.0472 0.1043 -0.0521 5
0.1386 -0.0533 0.1020 -0.0579 0.1317 -0.0559 5
0.0556 -0.0516 0.0303 -0.0453 0.0684 -0.0496 5
0.1582 -0.0533 0.1093 -0.0557 0.2091 -0.0540 5
0.1605 -0.0533 0.0793 -0.0511 0.1322 -0.0535 5
0.1435 -0.0535 0.0925 -0.0542 0.1611 -0.0556 5
0.1213 -0.0542 0.0695 -0.0522 0.1041 -0.0538 5
0.1043 -0.0520 0.1602 -0.0548 0.1490 -0.0527 5
0.1171 -0.0535 0.0706 -0.0545 0.1112 -0.0539 5
0.1392 -0.0543 0.0894 -0.0522 0.1846 -0.0529 5
0.1436 -0.0537 0.0868 -0.0550 0.1295 -0.0523 5
0.0838 -0.0521 0.0439 -0.0519 0.0602 -0.0519 5
0.1516 -0.0550 0.1184 -0.0560 0.2617 -0.0539 5
0.1232 -0.0540 0.1034 -0.0567 0.1464 -0.0535 5
0.1162 -0.0524 0.0606 -0.0572 0.0957 -0.0543 5
0.1189 -0.0528 0.1744 -0.0550 0.1673 -0.0551 5
0.1572 -0.0531 0.0635 -0.0497 0.1397 -0.0530 5
0.0825 -0.0573 0.1692 -0.0543 0.1563 -0.0546 5
0.0259 -0.0396 0.0633 -0.0490 0.0775 -0.0524 5
0.1853 -0.0545 0.0989 -0.0550 0.1785 -0.0519 5
0.1030 -0.0540 0.1902 -0.0538 0.1835 -0.0543 5
0.0651 -0.0590 0.1121 -0.0527 0.1273 -0.0536 5
0.0786 -0.0527 0.1272 -0.0541 0.1160 -0.0531 5
0.1071 -0.0552 0.1440 -0.0536 0.1376 -0.0521 5
0.0555 -0.0496 0.1217 -0.0534 0.1323 -0.0534 5
0.1279 -0.0527 0.0943 -0.0590 0.1239 -0.0533 5
0.0366 -0.0496 0.1160 -0.0514 0.1317 -0.0523 5
0.0777 -0.0560 0.1385 -0.0535 0.1313 -0.0543 5
0.0884 -0.0575 0.1756 -0.0530 0.1684 -0.0544 5
0.1150 -0.0508 0.0755 -0.0601 0.1260 -0.0535 5
0.1236 -0.0615 0.1783 -0.0530 0.1740 -0.0546 5
0.0620 -0.0536 0.0680 -0.0486 0.0405 -0.0492 5
0.1514 -0.0569 0.2042 -0.0522 0.2602 -0.0560 5
0.1539 -0.0564 0.1325 -0.0518 0.0731 -0.0530 5
0.1491 -0.0564 0.2142 -0.0502 0.2204 -0.0531 5
0.0600 -0.0513 0.0379 -0.0557 0.0764 -0.0516 5
0.1124 -0.0540 0.1194 -0.0526 0.0673 -0.0537 5
0.0471 -0.0531 0.0315 -0.0544 0.0416 -0.0491 5
0.2392 -0.0571 0.2046 -0.0537 0.1456 -0.0577 5
0.1667 -0.0597 0.1333 -0.0556 0.0727 -0.0562 5
0.0465 -0.0532 0.0787 -0.0518 0.0699 -0.0479 5
0.0514 -0.0526 0.0680 -0.0568 0.0310 -0.0541 5
0.0418 -0.0533 0.0659 -0.0522 0.0483 -0.0494 5
0.0835 -0.0533 0.0691 -0.0523 0.0476 -0.0544 5
0.1248 -0.0562 0.2250 -0.0557 0.1796 -0.0549 5
0.2042 -0.0584 0.1357 -0.0522 0.0778 -0.0543 5
0.0810 -0.0563 0.1290 -0.0532 0.1038 -0.0482 5
0.1505 -0.0567 0.1297 -0.0612 0.1815 -0.0547 5
0.0595 -0.0558 0.1146 -0.0531 0.1243 -0.0514 5
0.0594 -0.0625 0.0679 -0.0507 0.0835 -0.0527 5
0.1360 -0.0511 0.1136 -0.0519 0.0962 -0.0593 5
0.0937 -0.0580 0.1032 -0.0515 0.1626 -0.0553 5
0.0793 -0.0580 0.1115 -0.0531 0.1284 -0.0526 5
0.0990 -0.0568 0.0802 -0.0610 0.1417 -0.0538 5
0.0150 -0.0559 0.0146 -0.0474 0.0267 -0.0452 5
0.0688 -0.0515 0.0669 -0.0581 0.0721 -0.0522 5
0.1042 -0.0563 0.1193 -0.0637 0.1231 -0.0568 5
0.0582 -0.0578 0.0415 -0.0421 0.1063 -0.0491 5
0.0351 -0.0503 0.0279 -0.0451 0.0277 -0.0592 5
0.0459 -0.0436 0.0442 -0.0589 0.0639 -0.0483 5
0.0864 -0.0525 0.0804 -0.0594 0.1011 -0.0512 5
0.1333 -0.0626 0.1429 -0.0549 0.1194 -0.0557 5
0.1466 -0.0612 0.1723 -0.0550 0.1830 -0.0545 5
0.1213 -0.0540 0.1686 -0.0546 0.1506 -0.0560 5
0.1029 -0.0567 0.1738 -0.0558 0.1586 -0.0558 5
0.0814 -0.0523 0.0771 -0.0502 0.0471 -0.0506 5
0.0723 -0.0571 0.1206 -0.0545 0.1248 -0.0549 5
0.1006 -0.0567 0.0839 -0.0545 0.0753 -0.0545 5
0.1167 -0.0596 0.1688 -0.0552 0.2057 -0.0537 5
0.0738 -0.0509 0.1646 -0.0548 0.1456 -0.0550 5
0.0374 -0.0505 0.0695 -0.0482 0.0891 -0.0534 5
0.0824 -0.0651 0.1224 -0.0536 0.2287 -0.0499 5
0.0754 -0.0532 0.0683 -0.0530 0.0446 -0.0578 5
0.1876 -0.0547 0.1964 -0.0578 0.1462 -0.0607 5
0.1084 -0.0586 0.1596 -0.0521 0.2019 -0.0535 5
0.0677 -0.0578 0.1771 -0.0542 0.1569 -0.0547 5
0.0466 -0.0593 0.0398 -0.0575 0.0285 -0.0494 6
0.0236 -0.0493 0.0268 -0.0551 0.0306 -0.0551 6
0.0684 -0.0599 0.0594 -0.0594 0.0407 -0.0517 6
0.0133 -0.0550 0.0091 -0.0400 0.0139 -0.0458 6
0.0270 -0.0491 0.0448 -0.0582 0.0401 -0.0565 6
0.0495 -0.0520 0.0902 -0.0601 0.0929 -0.0569 6
0.0262 -0.0500 0.0423 -0.0584 0.0363 -0.0568 6
0.0159 -0.0505 0.0105 -0.0448 0.0127 -0.0534 6
0.0174 -0.0514 0.0134 -0.0469 0.0138 -0.0542 6
0.0353 -0.0573 0.0290 -0.0519 0.0387 -0.0577 6
0.0255 -0.0556 0.0174 -0.0453 0.0220 -0.0527 6
0.0303 -0.0556 0.0331 -0.0557 0.0218 -0.0482 6
0.0169 -0.0457 0.0210 -0.0546 0.0253 -0.0561 6
0.0411 -0.0580 0.0306 -0.0514 0.0463 -0.0584 6
0.0161 -0.0488 0.0201 -0.0525 0.0161 -0.0480 6
0.0235 -0.0544 0.0151 -0.0515 0.0106 -0.0450 6
0.0420 -0.0573 0.0320 -0.0553 0.0469 -0.0564 6
0.0475 -0.0572 0.0420 -0.0581 0.0545 -0.0604 6
0.0341 -0.0554 0.0316 -0.0550 0.0455 -0.0585 6
0.0574 -0.0565 0.0489 -0.0578 0.0572 -0.0588 6
0.0302 -0.0545 0.0283 -0.0547 0.0430 -0.0571 6
0.0247 -0.0561 0.0153 -0.0529 0.0272 -0.0593 6
0.0176 -0.0519 0.0198 -0.0569 0.0295 -0.0569 6
0.0295 -0.0564 0.0214 -0.0513 0.0316 -0.0550 6
0.0248 -0.0563 0.0182 -0.0498 0.0285 -0.0553 6
0.0383 -0.0567 0.0188 -0.0495 0.0430 -0.0594 6
0.0401 -0.0567 0.0249 -0.0511 0.0513 -0.0611 6
0.0302 -0.0560 0.0221 -0.0535 0.0338 -0.0592 6
0.0512 -0.0603 0.0439 -0.0580 0.0484 -0.0584 6
0.0350 -0.0566 0.0472 -0.0561 0.0400 -0.0562 6
0.0448 -0.0561 0.0307 -0.0539 0.0424 -0.0568 6
0.0277 -0.0511 0.0403 -0.0559 0.0485 -0.0580 6
0.0510 -0.0555 0.0733 -0.0595 0.0582 -0.0571 6
0.0315 -0.0523 0.0456 -0.0570 0.0504 -0.0573 6
0.0134 -0.0450 0.0214 -0.0545 0.0247 -0.0521 6
0.0669 -0.0591 0.0535 -0.0564 0.0475 -0.0549 6
0.0413 -0.0532 0.0681 -0.0591 0.0565 -0.0570 6
0.0512 -0.0565 0.0683 -0.0589 0.0602 -0.0570 6
0.0293 -0.0541 0.0220 -0.0518 0.0270 -0.0553 6
0.0390 -0.0563 0.0327 -0.0530 0.0431 -0.0572 6
0.0390 -0.0549 0.0501 -0.0574 0.0554 -0.0590 6
0.0145 -0.0465 0.0289 -0.0542 0.0235 -0.0546 6
0.0324 -0.0533 0.0406 -0.0568 0.0476 -0.0570 6
0.0493 -0.0573 0.0380 -0.0541 0.0554 -0.0586 6
0.0357 -0.0562 0.0224 -0.0515 0.0342 -0.0578 6
0.0409 -0.0600 0.0305 -0.0544 0.0398 -0.0560 6
0.0536 -0.0608 0.0389 -0.0569 0.0456 -0.0574 6
0.0369 -0.0568 0.0255 -0.0533 0.0444 -0.0590 6
0.0230 -0.0504 0.0311 -0.0560 0.0260 -0.0529 6
0.0805 -0.0615 0.0682 -0.0579 0.0722 -0.0576 6
0.0342 -0.0567 0.0364 -0.0572 0.0425 -0.0558 6
0.0317 -0.0581 0.0244 -0.0544 0.0344 -0.0565 6
0.0404 -0.0566 0.0275 -0.0509 0.0474 -0.0588 6
0.0412 -0.0551 0.0488 -0.0598 0.0510 -0.0566 6
0.0242 -0.0528 0.0097 -0.0351 0.0308 -0.0580 6
0.0236 -0.0552 0.0147 -0.0502 0.0225 -0.0560 6
0.0427 -0.0555 0.0415 -0.0581 0.0521 -0.0577 6
0.0275 -0.0569 0.0383 -0.0553 0.0448 -0.0594 6
0.0187 -0.0582 0.0115 -0.0502 0.0207 -0.0562 6
0.0180 -0.0508 0.0300 -0.0560 0.0256 -0.0578 6
0.0759 -0.0612 0.0701 -0.0586 0.0432 -0.0523 6
0.0337 -0.0562 0.0229 -0.0489 0.0316 -0.0545 6
0.0416 -0.0583 0.0320 -0.0574 0.0272 -0.0518 6
0.0443 -0.0577 0.0378 -0.0572 0.0270 -0.0491 6
0.0259 -0.0505 0.0396 -0.0584 0.0386 -0.0556 6
0.0290 -0.0517 0.0385 -0.0577 0.0457 -0.0590 6
0.0615 -0.0519 0.0893 -0.0572 0.1127 -0.0602 6
0.0235 -0.0547 0.0210 -0.0492 0.0292 -0.0550 6
0.0190 -0.0546 0.0144 -0.0462 0.0202 -0.0537 6
0.0214 -0.0533 0.0136 -0.0461 0.0164 -0.0539 6
0.0231 -0.0511 0.0299 -0.0572 0.0276 -0.0562 6
0.0961 -0.0604 0.0782 -0.0587 0.0486 -0.0521 6
0.0457 -0.0573 0.0474 -0.0579 0.0302 -0.0500 6
0.0245 -0.0553 0.0241 -0.0557 0.0166 -0.0453 6
0.0252 -0.0541 0.0198 -0.0477 0.0296 -0.0554 6
0.0268 -0.0506 0.0175 -0.0544 0.0457 -0.0668 6
0.0371 -0.0647 0.0437 -0.0636 0.0256 -0.0506 6
0.0014 -0.0233 0.0059 -0.0370 0.0182 -0.0636 6
0.0548 -0.0678 0.0404 -0.0601 0.0298 -0.0576 6
0.0751 -0.0658 0.0344 -0.0687 0.0478 -0.0589 6
0.0318 -0.0613 0.0104 -0.0941 0.0433 -0.0627 6
0.0276 -0.0713 0.0135 -0.0829 0.0388 -0.0612 6
0.0226 -0.0563 0.0093 -0.0556 0.0255 -0.0595 6
0.0133 -0.0516 0.0110 -0.0576 0.0258 -0.0670 6
0.0239 -0.0598 0.0100 -0.0572 0.0205 -0.0573 6
0.0160 -0.0767 0.0117 -0.0831 0.0321 -0.0600 6
0.0047 -0.0698 0.0348 -0.0591 0.0167 -0.0843 6
0.0384 -0.0628 0.0258 -0.0570 0.0366 -0.0581 6
0.0303 -0.0570 0.0415 -0.0579 0.0461 -0.0603 6
0.0144 -0.0563 0.0063 -0.0439 0.0182 -0.0591 6
0.0128 -0.0517 0.0126 -0.0497 0.0223 -0.0595 6
0.0264 -0.0582 0.0187 -0.0556 0.0240 -0.0593 6
0.0237 -0.0582 0.0195 -0.0559 0.0316 -0.0593 6
0.0560 -0.0630 0.0530 -0.0589 0.0404 -0.0538 6
0.0208 -0.0568 0.0105 -0.0470 0.0316 -0.0612 6
0.0530 -0.0586 0.0827 -0.0650 0.0441 -0.0611 6
0.0680 -0.0645 0.0485 -0.0571 0.0561 -0.0606 6
0.0193 -0.0534 0.0256 -0.0580 0.0299 -0.0594 6
0.0169 -0.0552 0.0166 -0.0586 0.0220 -0.0597 6
0.0064 -0.0485 0.0036 -0.0412 0.0018 -0.0196 6
0.0557 -0.0601 0.0932 -0.0612 0.1197 -0.0628 6
0.0146 -0.0587 0.0032 -0.0391 0.0102 -0.0559 6
0.0634 -0.0654 0.0486 -0.0649 0.0315 -0.0600 6
0.0088 -0.0448 0.0213 -0.0579 0.0174 -0.0559 6
0.0406 -0.0618 0.0475 -0.0614 0.0436 -0.0619 6
0.0174 -0.0539 0.0415 -0.0630 0.0369 -0.0623 6
0.0317 -0.0607 0.0500 -0.0624 0.0522 -0.0630 6
0.0433 -0.0625 0.0547 -0.0648 0.0376 -0.0624 6
0.0065 -0.0408 0.0139 -0.0560 0.0190 -0.0582 6
0.0238 -0.0591 0.0201 -0.0570 0.0127 -0.0533 6
0.0182 -0.0530 0.0313 -0.0592 0.0232 -0.0591 6
0.0497 -0.0629 0.0774 -0.0653 0.0636 -0.0655 6
0.0544 -0.0665 0.0617 -0.0662 0.0218 -0.0576 6
0.0256 -0.0595 0.0353 -0.0629 0.0397 -0.0634 6
0.0272 -0.0610 0.0118 -0.0476 0.0253 -0.0586 6
0.0783 -0.0673 0.0560 -0.0642 0.0398 -0.0641 6
0.0135 -0.0604 0.0038 -0.0343 0.0067 -0.0466 6
0.0385 -0.0642 0.0282 -0.0624 0.0196 -0.0576 6
0.0537 -0.0650 0.0367 -0.0611 0.0409 -0.0627 6
0.0110 -0.0513 0.0178 -0.0598 0.0116 -0.0579 6
0.0324 -0.0644 0.0374 -0.0637 0.0193 -0.0568 6
0.0827 -0.0677 0.0370 -0.0592 0.0214 -0.0527 6
0.0362 -0.0579 0.1127 -0.0731 0.0837 -0.0729 6
0.0210 -0.0564 0.0272 -0.0569 0.0128 -0.0445 6
0.0413 -0.0659 0.0237 -0.0630 0.0211 -0.0597 6
0.0277 -0.0607 0.0050 -0.0251 0.0176 -0.0536 6
0.0109 -0.0437 0.0528 -0.0656 0.0253 -0.0577 6
0.0324 -0.0626 0.0204 -0.0568 0.0348 -0.0635 6
0.0279 -0.0580 0.0212 -0.0596 0.0416 -0.0633 6
0.0081 -0.0498 0.0239 -0.0611 0.0160 -0.0566 6
0.0429 -0.0633 0.0628 -0.0617 0.0336 -0.0610 6
0.0589 -0.0694 0.0277 -0.0612 0.0199 -0.0587 6
0.0173 -0.0554 0.0309 -0.0642 0.0384 -0.0676 6
0.0316 -0.0663 0.0377 -0.0679 0.0288 -0.0661 6
0.0463 -0.0662 0.0959 -0.0697 0.0620 -0.0671 6
0.0478 -0.0675 0.0614 -0.0660 0.0649 -0.0679 6
0.0364 -0.0656 0.0686 -0.0699 0.0488 -0.0679 6
0.0145 -0.0587 0.0327 -0.0673 0.0223 -0.0622 6
0.0734 -0.0681 0.0941 -0.0692 0.0560 -0.0670 6
0.0426 -0.0660 0.0359 -0.0661 0.0276 -0.0651 6
0.0849 -0.0696 0.1213 -0.0684 0.0662 -0.0660 6
0.1326 -0.0703 0.0895 -0.0684 0.0698 -0.0670 6
0.2155 -0.0620 0.1802 -0.0613 0.1212 -0.0614 6
0.0443 -0.0692 0.0365 -0.0671 0.0274 -0.0649 6
0.0538 -0.0674 0.0551 -0.0684 0.0392 -0.0661 6
0.0573 -0.0681 0.0336 -0.0652 0.0283 -0.0637 6
0.0576 -0.0658 0.0642 -0.0672 0.0434 -0.0649 6
0.0591 -0.0691 0.0375 -0.0668 0.0329 -0.0657 6
0.0852 -0.0694 0.0543 -0.0679 0.0372 -0.0650 6
0.0361 -0.0656 0.0567 -0.0676 0.0289 -0.0642 6
0.0655 -0.0656 0.1050 -0.0683 0.0749 -0.0641 6
0.0570 -0.0656 0.0614 -0.0663 0.1392 -0.0692 6
0.0933 -0.0675 0.0498 -0.0626 0.0346 -0.0595 6
0.0298 -0.0619 0.0846 -0.0681 0.0405 -0.0640 6
0.0561 -0.0669 0.0461 -0.0650 0.0360 -0.0639 6
0.0629 -0.0651 0.0875 -0.0674 0.1198 -0.0688 6
0.1656 -0.0693 0.0914 -0.0667 0.0787 -0.0652 6
0.0539 -0.0686 0.0328 -0.0643 0.0219 -0.0614 6
0.0340 -0.0628 0.0321 -0.0618 0.0498 -0.0659 6
